adu_per_eV = 1.0
photon_energy = 8265.6
clen = 122.0e-3
res = 9090.91  ; 110 micron pixel size

q0a0/min_fs = 0
q0a0/max_fs = 2047
q0a0/min_ss = 0
q0a0/max_ss = 2047
q0a0/fs = +1.000000x +0.000000y
q0a0/ss = +0.000000x +1.000000y
q0a0/corner_x = -1024.00
q0a0/corner_y = -1024.00

